# input_n, input_c, input_h, input_w, k_n, k_c, k_h, k_w, p_h, p_w, s_h, s_w, d_h, d_w, group, input_type, weight_type, output_type, input_format, weight_format, output_format, validation, use_tensor_core

8 512 256 256 256 7 7 1 1 1 1 1 1 1 2 2 2 1 1 1 0 1
#8 512 256 256 512 7 7 1 1 1 1 1 1 1 0 0 0 0 0 0 0 0

#2 32 56 56 32 3 3 1 1 1 1 1 1 1 2 2 2 1 1 1 0 1
#2 16 56 56 16 3 3 1 1 1 1 1 1 1 2 2 2 1 1 1 0 0
#
#1 128 56 56 128 3 3 1 1 1 1 1 1 1 2 2 2 1 1 1 0 1
#1 128 56 56 128 3 3 1 1 1 1 1 1 1 2 2 2 1 1 1 0 0
#1 128 56 56 128 3 3 0 0 1 1 1 1 1 2 2 2 1 1 1 0 1
#1 128 56 56 128 3 3 0 0 1 1 1 1 1 2 2 2 1 1 1 0 0
#
#1 128 56 56 128 3 3 1 1 1 1 1 1 1 2 2 2 1 1 1 0 1
#1 128 56 56 128 3 3 1 1 1 1 1 1 1 2 2 2 1 1 1 0 0
#
#1 32 128 128 32 3 3 1 1 1 1 1 1 1 2 2 2 1 1 1 0 1
#1 32 128 128 32 3 3 1 1 1 1 1 1 1 2 2 2 1 1 1 0 0
#
#1 512 256 256 512 5 5 1 1 1 1 1 1 1 2 2 2 1 1 1 0 1
#1 512 256 256 512 5 5 1 1 1 1 1 1 1 2 2 2 1 1 1 0 0
#
#4 512 256 256 512 5 5 1 1 1 1 1 1 1 2 2 2 1 1 1 0 1
#4 512 256 256 512 5 5 1 1 1 1 1 1 1 2 2 2 1 1 1 0 0
#
#8 512 256 256 512 7 7 1 1 1 1 1 1 1 2 2 2 1 1 1 0 1
#8 512 256 256 512 7 7 1 1 1 1 1 1 1 2 2 2 1 1 1 0 0

#1 64 128 128 256 3 3 1 1 1 1 1 1 1 0 0 0 0 0 0 0
#1 128 128 128 128 5 5 1 1 1 1 1 1 1 0 0 0 0 0 0 0
#1 128 128 128 128 5 5 1 1 1 1 1 1 1 1 1 1 0 0 0 0
#1 128 128 128 128 5 5 1 1 1 1 1 1 1 2 2 2 1 1 1 0
#
#1 64 128 128 32 5 5 1 1 1 1 1 1 1 0 0 0 0 0 0 0
#1 64 128 128 32 5 5 1 1 1 1 1 1 1 1 1 1 0 0 0 0
#1 64 128 128 32 5 5 1 1 1 1 1 1 1 2 2 2 1 1 1 0
#
#1 64 128 128 32 3 3 1 1 1 1 2 2 1 0 0 0 0 0 0 0
#1 64 128 128 32 3 3 1 1 1 1 2 2 1 1 1 1 0 0 0 0
#1 64 128 128 32 3 3 1 1 1 1 2 2 1 2 2 2 1 1 1 0
#
#1 64 128 128 32 5 5 1 1 1 1 2 2 1 0 0 0 0 0 0 0
#1 64 128 128 32 5 5 1 1 1 1 2 2 1 1 1 1 0 0 0 0
#1 64 128 128 32 5 5 1 1 1 1 2 2 1 2 2 2 1 1 1 0
#
#1 64 224 224 32 5 5 1 1 1 1 1 1 1 0 0 0 0 0 0 0
#1 64 224 224 32 5 5 1 1 1 1 1 1 1 1 1 1 0 0 0 0
#1 64 224 224 32 5 5 1 1 1 1 1 1 1 2 2 2 1 1 1 0
#
#1 64 32 32 32 5 5 1 1 1 1 1 1 1 0 0 0 0 0 0 0
#1 64 32 32 32 5 5 1 1 1 1 1 1 1 1 1 1 0 0 0 0
#1 64 32 32 32 5 5 1 1 1 1 1 1 1 2 2 2 1 1 1 0
#
#1 64 16 16 32 3 3 1 1 1 1 1 1 1 0 0 0 0 0 0 0
#1 64 16 16 32 3 3 1 1 1 1 1 1 1 1 1 1 0 0 0 0
#1 64 16 16 32 3 3 1 1 1 1 1 1 1 2 2 2 1 1 1 0
#
#8 64 32 32 32 3 3 1 1 1 1 1 1 1 0 0 0 0 0 0 0
#8 64 32 32 32 3 3 1 1 1 1 1 1 1 1 1 1 0 0 0 0
#8 64 32 32 32 3 3 1 1 1 1 1 1 1 2 2 2 1 1 1 0
#
#1 64 256 256 32 3 3 1 1 1 1 1 1 1 0 0 0 0 0 0 0
#1 64 256 256 32 3 3 1 1 1 1 1 1 1 1 1 1 0 0 0 0
#1 64 256 256 32 3 3 1 1 1 1 1 1 1 2 2 2 1 1 1 0
#
#1 64 256 256 32 5 5 1 1 1 1 1 1 1 0 0 0 0 0 0 0
#1 64 256 256 32 5 5 1 1 1 1 1 1 1 1 1 1 0 0 0 0
#1 64 256 256 32 5 5 1 1 1 1 1 1 1 2 2 2 1 1 1 0
#
#1 64 256 256 32 1 1 1 1 1 1 1 1 1 0 0 0 0 0 0 0
#1 64 256 256 32 1 1 1 1 1 1 1 1 1 1 1 1 0 0 0 0
#1 64 256 256 32 1 1 1 1 1 1 1 1 1 2 2 2 1 1 1 0

#
#1 128 224 224 256 3 3 1 1 1 1 1 1 1 0 0 0 0 0 0 0
#1 128 224 224 256 3 3 1 1 1 1 1 1 1 1 1 1 0 0 0 0
#
#1 128 224 224 256 5 5 1 1 1 1 1 1 1 0 0 0 0 0 0 0
#1 128 224 224 256 5 5 1 1 1 1 1 1 1 1 1 1 0 0 0 0
#
#1 32 224 224 256 5 5 1 1 1 1 1 1 1 0 0 0 0 0 0 0
#1 32 224 224 256 5 5 1 1 1 1 1 1 1 1 1 1 0 0 0 0
#
#1 128 224 224 64 5 5 1 1 1 1 1 1 1 0 0 0 0 0 0 0
#1 128 224 224 64 5 5 1 1 1 1 1 1 1 1 1 1 0 0 0 0

#1 128 224 224 96 5 5 1 1 1 1 1 1 1 0 0 0 0 0 0 0
#1 128 224 224 96 5 5 1 1 1 1 1 1 1 1 1 1 0 0 0 0
#
#1 3 224 224 96 3 3 1 1 1 1 1 1 1 0 0 0 0 0 0 0
#1 3 224 224 96 3 3 1 1 1 1 1 1 1 1 1 1 0 0 0 0
